Instance: s02_100.rdr;
RootUpperBound:11704.571077;RootLowerBound:11683.824686;RootGap:0.0018;RootRuntime:0.0180;
Objval:11684.687529;Gap:0.0001;TotalTime:0.0300;Nodes:50;Status:102
