Instance: p01_100.rdr;
RootUpperBound:38.274032;RootLowerBound:38.027854;RootGap:0.0064;RootRuntime:0.5920;
Objval:38.274032;Gap:0.0000;TotalTime:1.3650;Nodes:32;Status:102;
Instance: p02_100.rdr;
RootUpperBound:1486.146384;RootLowerBound:1477.336149;RootGap:0.0059;RootRuntime:0.6400;
Objval:1477.336480;Gap:0.0000;TotalTime:0.8890;Nodes:10;Status:102;
Instance: p03_100.rdr;
RootUpperBound:1158.448952;RootLowerBound:1157.136115;RootGap:0.0011;RootRuntime:0.6970;
Objval:1158.448952;Gap:0.0000;TotalTime:64.3250;Nodes:2657;Status:102;
