Instance: p01_50.rdr;
RootUpperBound:74.463879;RootLowerBound:74.463879;RootGap:0.0000;RootRuntime:0.0060;
Objval:74.463879;Gap:0.0000;TotalRuntime:0.0060;Nodes:0;Status:102;
Instance: p02_50.rdr;
RootUpperBound:6918.977916;RootLowerBound:6918.904593;RootGap:0.0000;RootRuntime:0.0060;
Objval:6918.977916;Gap:0.0000;TotalRuntime:0.0060;Nodes:0;Status:102;
Instance: p03_50.rdr;
RootUpperBound:3815.276721;RootLowerBound:3781.528600;RootGap:0.0088;RootRuntime:0.0230;
Objval:3815.276721;Gap:0.0000;TotalTime:0.0310;Nodes:24;Status:101
