Instance: p01_100.rdr;
RootUpperBound:185.573460;RootLowerBound:185.573460;RootGap:0.0000;RootRuntime:0.0040;
Objval:185.573460;Gap:0.0000;TotalRuntime:0.0040;Nodes:0;Status:102;
Instance: p02_100.rdr;
RootUpperBound:6918.977916;RootLowerBound:6918.906819;RootGap:0.0000;RootRuntime:0.0060;
Objval:6918.977916;Gap:0.0000;TotalRuntime:0.0060;Nodes:0;Status:102;
Instance: p03_100.rdr;
RootUpperBound:3815.276721;RootLowerBound:3781.528599;RootGap:0.0088;RootRuntime:0.0120;
Objval:3815.276721;Gap:0.0000;TotalTime:0.6100;Nodes:8857;Status:101
