Instance: p01_50.rdr;
RootUpperBound:53.811537;RootLowerBound:53.810627;RootGap:0.0000;RootRuntime:0.0050;
Objval:53.811537;Gap:0.0000;TotalRuntime:0.0050;Nodes:0;Status:102;
Instance: p02_50.rdr;
RootUpperBound:5325.000000;RootLowerBound:5279.713628;RootGap:0.0085;RootRuntime:0.0260;
Objval:5280.031250;Gap:0.0001;TotalTime:0.0420;Nodes:120;Status:102
Instance: p03_50.rdr;
RootUpperBound:2844.333333;RootLowerBound:2837.868214;RootGap:0.0023;RootRuntime:0.0140;
Objval:2837.923852;Gap:0.0000;TotalTime:0.0240;Nodes:40;Status:102
