Instance: p01_100.rdr;
RootUpperBound:60.688573;RootLowerBound:60.676384;RootGap:0.0002;RootRuntime:0.0080;
Objval:60.688573;Gap:0.0001;TotalTime:0.0100;Nodes:6;Status:102
Instance: p02_100.rdr;
RootUpperBound:2528.577594;RootLowerBound:2528.577594;RootGap:0.0000;RootRuntime:0.0060;
Objval:2528.577594;Gap:0.0000;TotalRuntime:0.0060;Nodes:0;Status:102;
Instance: p03_100.rdr;
RootUpperBound:1680.148148;RootLowerBound:1680.031293;RootGap:0.0001;RootRuntime:0.0070;
Objval:1680.148148;Gap:0.0001;TotalRuntime:0.0070;Nodes:0;Status:102;
