Instance: p01_50.rdr;
RootUpperBound:25.003400;RootLowerBound:25.001641;RootGap:0.0001;RootRuntime:0.0050;
Objval:25.003400;Gap:0.0001;TotalRuntime:0.0050;Nodes:0;Status:102;
Instance: p02_50.rdr;
RootUpperBound:1576.635925;RootLowerBound:1576.548899;RootGap:0.0001;RootRuntime:0.0080;
Objval:1576.635925;Gap:0.0001;TotalRuntime:0.0080;Nodes:0;Status:102;
Instance: p03_50.rdr;
RootUpperBound:1173.287553;RootLowerBound:1167.924088;RootGap:0.0046;RootRuntime:0.0170;
Objval:1173.287553;Gap:0.0000;TotalTime:0.0250;Nodes:31;Status:101
